1.227766016891118670e+04 1.352593420742787021e+04 1.404197801603013249e+04 1.443755325599349635e+04 1.477076990668146937e+04 1.506413630850156369e+04 1.532919607925586934e+04 1.557280663619176084e+04 1.579943595570521029e+04 1.601218749383415161e+04 1.621332085196636217e+04 1.640454184380368679e+04 1.658717571408496588e+04 1.676227635070981341e+04 1.693069824941639672e+04 1.709314562649533036e+04 1.725020701960611041e+04 1.740238025340667809e+04 1.755009088774395059e+04 1.769370610381892766e+04 1.783354533799874480e+04 1.796988854184755473e+04 1.810298269410859211e+04 1.823304700301386765e+04 1.836027707904585986e+04 1.848484835281860433e+04 1.860691887268339633e+04 1.872663162575926981e+04 1.884411646969974390e+04 1.895949176432631793e+04 1.907286575042243931e+04 1.918433771206773235e+04 1.929399899345307495e+04 1.940193385016763932e+04 1.950822020226050518e+04 1.961293027998189791e+04 1.971613118585091433e+04 1.981788539487760863e+04 1.991825118930145982e+04 2.001728303876015707e+04 2.011503194044061820e+04 2.021154572648819885e+04 2.030686932776015601e+04 2.040104501575123868e+04 2.049411261723443749e+04 2.058610970889285090e+04 2.067707179194266791e+04 2.076703244674726739e+04 2.085602347469839151e+04 2.094407503464035108e+04 2.103121574655242148e+04 2.111747281342113274e+04 2.120287210491378210e+04 2.128743825742285117e+04 2.137119474864457152e+04 2.145416397215749021e+04 2.153636731018204591e+04 2.161782519724519807e+04 2.169855716747415136e+04 2.177858192553694244e+04 2.185791737938424922e+04 2.193658069845705177e+04
1.352593420742787021e+04 1.477076990668146937e+04 1.528539544378881874e+04 1.567988475071624453e+04 1.601218749383415161e+04 1.630474992052777270e+04 1.656908380355170812e+04 1.681202763902556035e+04 1.703803707969209063e+04 1.725020701960611041e+04 1.745079082647871110e+04 1.764148961010514176e+04 1.782362495359856985e+04 1.799824784720849129e+04 1.816621042016785941e+04 1.832821495154357399e+04 1.848484835281860433e+04 1.863660707713288139e+04 1.878391550926616765e+04 1.892713981906135450e+04 1.906659856067571673e+04 1.920257091078392114e+04 1.933530317328413366e+04 1.946501394522792543e+04 1.959189830049590091e+04 1.971613118585091433e+04 1.983787021490579355e+04 1.995725797642089310e+04 2.007442397334679845e+04 2.018948623808691627e+04 2.030255270947245299e+04 2.041372240419159061e+04 2.052308641177669051e+04 2.063072875316729187e+04 2.073672713740970357e+04 2.084115359102733782e+04 2.094407503464035108e+04 2.104555377045480418e+04 2.114564791882011923e+04 2.124441179839786491e+04 2.134189626995075378e+04 2.143814902919993619e+04 2.153321488513037912e+04 2.162713599282150972e+04 2.171995206808796502e+04 2.181170058574943687e+04 2.190241694697769708e+04 2.199213464118665433e+04 2.208088538063757005e+04 2.216869924050124246e+04 2.225560476617838140e+04 2.234162907880099374e+04 2.242679798437174759e+04 2.251113604470455903e+04 2.259466667565001990e+04 2.267741220894103753e+04 2.275939396859038970e+04 2.284063232909838553e+04 2.292114677729850519e+04 2.300095595965112443e+04 2.308007773863218608e+04 2.315852923456995632e+04
1.404197801603013249e+04 1.528539544378881874e+04 1.579943595570521029e+04 1.619347732375908708e+04 1.652540308496108628e+04 1.681763387714463170e+04 1.708166833086588304e+04 1.732433714605585556e+04 1.755009088774395059e+04 1.776202091750755790e+04 1.796237803464473109e+04 1.815286140627003624e+04 1.833479110755442525e+04 1.850921692821438774e+04 1.867699002796152490e+04 1.883881188368840958e+04 1.899526873567092116e+04 1.914685647134328610e+04 1.929399899345307495e+04 1.943706205165662686e+04 1.957636383631333592e+04 1.971218320759371272e+04 1.984476618563357624e+04 1.997433112010193872e+04 2.010107286114370800e+04 2.022516615907088271e+04 2.034676844195937156e+04 2.046602214213644038e+04 2.058305660975756473e+04 2.069798974443992483e+04 2.081092936496142647e+04 2.092197436977594043e+04 2.103121574655242148e+04 2.113873742346194922e+04 2.124461701496338355e+04 2.134892646936359233e+04 2.145173262906618766e+04 2.155309772715563304e+04 2.165307981667874265e+04 2.175173315627043485e+04 2.184910854484778247e+04 2.194525362538124318e+04 2.204021315774307004e+04 2.213402924426199752e+04 2.222674156073489576e+04 2.231838753650672152e+04 2.240900253273147973e+04 2.249862000062430161e+04 2.258727161606666050e+04 2.267498742148754536e+04 2.276179592408888857e+04 2.284772422317482415e+04 2.293279808654924273e+04 2.301704205419818754e+04 2.310047951286841999e+04 2.318313276882699574e+04 2.326502312243983033e+04 2.334617092456037062e+04 2.342659563837523456e+04 2.350631589033591445e+04 2.358534952290946967e+04 2.366371363641528296e+04
1.443755325599349635e+04 1.567988475071624453e+04 1.619347732375908708e+04 1.658717571408496588e+04 1.691881282713447581e+04 1.721078969203526503e+04 1.747459488033209345e+04 1.771705311657578568e+04 1.794261107133943005e+04 1.815435740682014148e+04 1.835454095053146011e+04 1.854485938165461994e+04 1.872663162575926981e+04 1.890090655033427174e+04 1.906853457294355030e+04 1.923021655566125992e+04 1.938653822580826818e+04 1.953799503789932351e+04 1.968501052178916871e+04 1.982795011062998674e+04 1.996713171465680352e+04 2.010283395029554958e+04 2.023530262304129428e+04 2.036475588975017308e+04 2.049138843322006869e+04 2.061537484914888046e+04 2.073687242736932239e+04 2.085602347469839151e+04 2.097295723215219914e+04 2.108779149384654011e+04 2.120063398397187120e+04 2.131158351367057185e+04 2.142073099239505245e+04 2.152816027373782708e+04 2.163394890667413711e+04 2.173816877402723185e+04 2.184088666363104130e+04 2.194216474854337866e+04 2.204206103633632301e+04 2.214062973107511061e+04 2.223792159529702622e+04 2.233398422649779241e+04 2.242886234635088476e+04 2.252259801898626029e+04 2.261523088745897985e+04 2.270679834655320155e+04 2.279733572650011047e+04 2.288687644941100734e+04 2.297545216570151388e+04 2.306309288687779917e+04 2.314982710377089097e+04 2.323568188112412463e+04 2.332068297218947555e+04 2.340485489148713532e+04 2.348822100757397129e+04 2.357080360670815571e+04 2.365262396924672066e+04 2.373370242785321898e+04 2.381405843116235337e+04 2.389371058925471152e+04 2.397267672822644818e+04 2.405097393202604144e+04
1.477076990668146937e+04 1.601218749383415161e+04 1.652540308496108628e+04 1.691881282713447581e+04 1.725020701960611041e+04 1.754197017871783464e+04 1.780558241771368193e+04 1.804786343163877609e+04 1.827325661506628967e+04 1.848484835281860433e+04 1.868488581712890300e+04 1.887506543753269943e+04 1.905670516462132218e+04 1.923085309463212616e+04 1.939835901939668111e+04 1.955992328439615085e+04 1.971613118585091433e+04 1.986747781265884987e+04 2.001438638180852286e+04 2.015722205906067393e+04 2.029630251818170655e+04 2.043190617187073804e+04 2.056427864372389740e+04 2.069363793052625260e+04 2.082017857319451286e+04 2.094407503464035108e+04 2.106548449373812764e+04 2.118454914998446475e+04 2.130139814617004595e+04 2.141614919637513231e+04 2.152890993747868924e+04 2.163977911695846706e+04 2.174884756968831061e+04 2.185619909105307306e+04 2.196191117182033486e+04 2.206605564388164203e+04 2.216869924050124246e+04 2.226990409653817187e+04 2.236972817045179545e+04 2.246822562992756139e+04 2.256544719748498756e+04 2.266144043969697668e+04 2.275625004003822687e+04 2.284991803717284347e+04 2.294248403777609929e+04 2.303398541662326897e+04 2.312445747484170715e+04 2.321393360725787352e+04 2.330244544609749573e+04 2.339002297740089125e+04 2.347669467017121497e+04 2.356248757278089761e+04 2.364742741665404174e+04 2.373153870175892371e+04 2.381484477300554863e+04 2.389736790573815233e+04 2.397912936212387285e+04 2.406014946209333721e+04 2.414044763791034347e+04 2.422004248510356410e+04 2.429895181885521743e+04 2.437719271038085571e+04
1.506413630850156369e+04 1.630474992052777270e+04 1.681763387714463170e+04 1.721078969203526503e+04 1.754197017871783464e+04 1.783354533799874480e+04 1.809698783617941081e+04 1.833911294452272705e+04 1.856436117450366146e+04 1.877581690823726240e+04 1.897572586458417936e+04 1.916578336713436875e+04 1.934730651701110764e+04 1.952134272833072464e+04 1.968874123995201080e+04 1.985020194624675787e+04 2.000630976144757005e+04 2.015755945431019063e+04 2.030437396897477447e+04 2.044711822927647154e+04 2.058610970889285090e+04 2.072162663862408954e+04 2.085391448017625953e+04 2.098319109209123417e+04 2.110965088431848562e+04 2.123346821063032257e+04 2.135480014803769882e+04 2.147378880144978757e+04 2.159056323362173862e+04 2.170524107859827927e+04 2.181792990595576703e+04 2.192872839586934424e+04 2.203772732682418427e+04 2.214501044145444757e+04 2.225065517595803249e+04 2.235473331857073936e+04 2.245731156072005979e+04 2.255845199179029441e+04 2.265821253568000975e+04 2.275664732915183413e+04 2.285380705470751855e+04 2.294973925163512467e+04 2.304448857248653076e+04 2.313809703227897990e+04 2.323060421040290385e+04 2.332204745434873621e+04 2.341246204523494816e+04 2.350188135787911597e+04 2.359033699904111563e+04 2.367785894020934938e+04 2.376447562855909928e+04 2.385021409791088081e+04 2.393510005967991310e+04 2.401915799928255728e+04 2.410241124889589264e+04 2.418488206567426096e+04 2.426659170087086386e+04 2.434756045986441313e+04 2.442780776218578103e+04 2.450735219244970358e+04 2.458621155310547329e+04 2.466440290445470600e+04
1.532919607925586934e+04 1.656908380355170812e+04 1.708166833086588304e+04 1.747459488033209345e+04 1.780558241771368193e+04 1.809698783617941081e+04 1.836027707904585986e+04 1.860226142125620390e+04 1.882737877313056379e+04 1.903871171416548896e+04 1.923850464081633254e+04 1.942845188714281539e+04 1.960986977937872871e+04 1.978380512045996147e+04 1.995110665084220818e+04 2.011247385380565538e+04 2.026849130343188881e+04 2.041965347561935778e+04 2.056638306894464768e+04 2.070904479260215885e+04 2.084795593473254121e+04 2.098339455878894660e+04 2.111560598823425244e+04 2.124480795246208436e+04 2.137119474864457152e+04 2.149494062505263719e+04 2.161620256774776499e+04 2.173512259978460497e+04 2.185182970752075198e+04 2.196644145587933599e+04 2.207906535077208537e+04 2.218980001780446037e+04 2.229873617907296284e+04 2.240595752628004993e+04 2.251154145560585312e+04 2.261555970981143764e+04 2.271807894212551764e+04 2.281916120555260568e+04 2.291886439124945900e+04 2.301724259959891788e+04 2.311434648945587105e+04 2.321022356918556034e+04 2.330491846587401233e+04 2.339847316725362907e+04 2.349092723270595889e+04 2.358231798789356253e+04 2.367268069210703834e+04 2.376204870197406854e+04 2.385045360424564569e+04 2.393792535222027800e+04 2.402449237852133228e+04 2.411018169877943001e+04 2.419501901167686447e+04 2.427902878625909216e+04 2.436223434197026654e+04 2.444465792323180358e+04 2.452632076856397907e+04 2.460724317061257898e+04 2.468744453981352854e+04 2.476694344804863795e+04 2.484575768685326329e+04 2.492390430925306282e+04
1.557280663619176084e+04 1.681202763902556035e+04 1.732433714605585556e+04 1.771705311657578568e+04 1.804786343163877609e+04 1.833911294452272705e+04 1.860226142125620390e+04 1.884411646969974390e+04 1.906911361365937046e+04 1.928033376825632877e+04 1.948002012031801860e+04 1.966986609622844844e+04 1.985118731099655270e+04 2.002503000367150526e+04 2.019224245632367092e+04 2.035352377752141911e+04 2.050945822666116874e+04 2.066054001043093740e+04 2.080719160367161385e+04 2.094977751730775344e+04 2.108861486485702335e+04 2.122398156789140194e+04 2.135612281344956136e+04 2.148525621450980543e+04 2.161157596092388849e+04 2.173525621001326363e+04 2.185645386234691250e+04 2.197531086640091962e+04 2.209195613577330369e+04 2.220650717354155495e+04 2.231907142922873027e+04 2.242974747205161839e+04 2.253862597863198607e+04 2.264579059519755538e+04 2.275131867427271209e+04 2.285528192041974398e+04 2.295774695230656653e+04 2.305877578837689362e+04 2.315842628886466264e+04 2.325675252504888340e+04 2.335380512849960360e+04 2.344963158029722399e+04 2.354427648751888773e+04 2.363778181243114523e+04 2.373018709622565075e+04 2.382152963909911341e+04 2.391184468397122691e+04 2.400116557109876885e+04 2.408952386722384836e+04 2.417694951291204779e+04 2.426347092441582936e+04 2.434911510099490988e+04 2.443390772859865683e+04 2.451787326353960088e+04 2.460103501252896967e+04 2.468341520725525334e+04 2.476503507532479125e+04 2.484591490028842236e+04 2.492607407803015667e+04 2.500553117315584677e+04 2.508430396810590173e+04 2.516240950317305396e+04
1.579943595570521029e+04 1.703803707969209063e+04 1.755009088774395059e+04 1.794261107133943005e+04 1.827325661506628967e+04 1.856436117450366146e+04 1.882737877313056379e+04 1.906911361365937046e+04 1.929399899345307495e+04 1.950511428331091884e+04 1.970470155138181872e+04 1.989445336912476341e+04 2.007568469853149145e+04 2.024944124932526029e+04 2.041657088338988251e+04 2.057777235459079384e+04 2.073362963128610863e+04 2.088463667641926440e+04 2.103121574655242148e+04 2.117373117434917367e+04 2.131249991689409944e+04 2.144779975024002488e+04 2.157987574137232150e+04 2.170894539231093950e+04 2.183520280013917363e+04 2.195882203122900683e+04 2.207995991157085518e+04 2.219875831324324827e+04 2.231534608799856505e+04 2.242984068070663488e+04 2.254234948632083251e+04 2.265297102312624338e+04 2.276179592408888857e+04 2.286890779359973385e+04 2.297438394598438754e+04 2.307829604760635993e+04 2.318071068439175724e+04 2.328168984749945230e+04 2.338129136260258383e+04 2.347956927733329940e+04 2.357657419597680564e+04 2.367235357778563048e+04 2.376695200619005482e+04 2.386041142526673502e+04 2.395277134892248432e+04 2.404406906644007540e+04 2.413433980254930793e+04 2.422361687386009726e+04 2.431193183983859490e+04 2.439931462104149978e+04 2.448579361916935886e+04 2.457139582438694197e+04 2.465614690445372253e+04 2.474007130658728420e+04 2.482319232658491819e+04 2.490553218158319942e+04 2.498711209191250964e+04 2.506795232839076198e+04 2.514807227780701942e+04 2.522749049749117694e+04 2.530622475896970718e+04 2.538429209525938495e+04
1.601218749383415161e+04 1.725020701960611041e+04 1.776202091750755790e+04 1.815435740682014148e+04 1.848484835281860433e+04 1.877581690823726240e+04 1.903871171416548896e+04 1.928033376825632877e+04 1.950511428331091884e+04 1.971613118585091433e+04 1.991562548537339899e+04 2.010528896207697107e+04 2.028643595222101430e+04 2.046011168167760479e+04 2.062716361033389694e+04 2.078829016281824443e+04 2.094407503464035108e+04 2.109501195227503194e+04 2.124152297947157058e+04 2.138397227427057805e+04 2.152267664459950174e+04 2.165791373554393067e+04 2.178992850131189334e+04 2.191893834205993335e+04 2.204513725846490706e+04 2.216869924050124246e+04 2.228978103594281129e+04 2.240852445502250339e+04 2.252505828582806862e+04 2.263949991684066481e+04 2.275195669571994222e+04 2.286252709345726180e+04 2.297130169936289894e+04 2.307836407781005255e+04 2.318379150856353226e+04 2.328765562342604971e+04 2.339002297740089125e+04 2.349095553254309925e+04 2.359051108724097139e+04 2.368874366366080358e+04 2.378570384244094021e+04 2.388143906100603635e+04 2.397599387913951068e+04 2.406941022272812552e+04 2.416172759112677886e+04 2.425298325179037056e+04 2.434321241125880624e+04 2.443244837522806483e+04 2.452072268497440382e+04 2.460806524650260690e+04 2.469450445241827401e+04 2.478006727469628095e+04 2.486477937382014352e+04 2.494866518245553016e+04 2.503174798548579565e+04 2.511404999277155730e+04 2.519559241009128164e+04 2.527639550280591357e+04 2.535647864860956906e+04 2.543586039209921728e+04 2.551455849752537324e+04 2.559258999244784354e+04
1.621332085196636217e+04 1.745079082647871110e+04 1.796237803464473109e+04 1.835454095053146011e+04 1.868488581712890300e+04 1.897572586458417936e+04 1.923850464081633254e+04 1.948002012031801860e+04 1.970470155138181872e+04 1.991562548537339899e+04 2.011503194044061820e+04 2.030461194008248276e+04 2.048567924211974605e+04 2.065927860130622867e+04 2.082625710463625728e+04 2.098731286569099757e+04 2.114302931986466865e+04 2.129389997717234655e+04 2.144034670855043805e+04 2.158273351378747611e+04 2.172137705711074523e+04 2.185655486537152319e+04 2.198851177818150609e+04 2.211746509929079912e+04 2.224360874934072490e+04 2.236711663645118824e+04 2.248814543745547417e+04 2.260683690074083279e+04 2.272331975982533186e+04 2.283771134680145769e+04 2.295011896567311487e+04 2.306064104013793985e+04 2.316936812130743056e+04 2.327638373535600840e+04 2.338176512748768437e+04 2.348558390040133963e+04 2.358790657635845128e+04 2.368879509012922063e+04 2.378830721645508311e+04 2.388649695203648298e+04 2.398341485568389180e+04 2.407910834299409180e+04 2.417362195556060760e+04 2.426699759744232870e+04 2.435927475162324845e+04 2.445049067100635148e+04 2.454068054576063878e+04 2.462987766521118465e+04 2.471811355790132075e+04 2.480541811710290494e+04 2.489181972086962196e+04 2.497734533026241115e+04 2.506202059666984132e+04 2.514586993820566568e+04 2.522891662883930258e+04 2.531118287297440111e+04 2.539268986365650198e+04 2.547345785897059250e+04 2.555350622387786279e+04 2.563285350115629262e+04 2.571151744414246059e+04 2.578951507312021567e+04
1.640454184380368679e+04 1.764148961010514176e+04 1.815286140627003624e+04 1.854485938165461994e+04 1.887506543753269943e+04 1.916578336713436875e+04 1.942845188714281539e+04 1.966986609622844844e+04 1.989445336912476341e+04 2.010528896207697107e+04 2.030461194008248276e+04 2.049411261723443749e+04 2.067510419292384177e+04 2.084863098170908052e+04 2.101553971224356792e+04 2.117652820525117568e+04 2.133217964510558522e+04 2.148298733445708058e+04 2.162937296961908578e+04 2.177170039212805568e+04 2.191028613706302713e+04 2.204540760940298787e+04 2.217730954689622740e+04 2.230620916234338074e+04 2.243230029453124735e+04 2.255575677518217708e+04 2.267673521928381524e+04 2.279537731155878282e+04 2.291181173277445487e+04 2.302615576591060380e+04 2.313851666767740971e+04 2.324899282357373158e+04 2.335767474287431105e+04 2.346464591901176027e+04 2.356998356444828096e+04 2.367375924914094503e+04 2.377603946988537791e+04 2.387688613416693988e+04 2.397635699126121472e+04 2.407450601604077383e+04 2.417138374730720534e+04 2.426703757882941863e+04 2.436151203219205490e+04 2.445484899872107781e+04 2.454708794139159727e+04 2.463826609491670388e+04 2.472841863673247281e+04 2.481757884525004192e+04 2.490577823264183826e+04 2.499304667944679386e+04 2.507941255098566762e+04 2.516490279922445188e+04 2.524954306099980022e+04 2.533335774896849762e+04 2.541637012618602603e+04 2.549860238432310871e+04 2.558007571096831816e+04 2.566081035329270526e+04 2.574082567080049193e+04 2.582014019353673211e+04 2.589877167301901500e+04 2.597673711861725315e+04
1.658717571408496588e+04 1.782362495359856985e+04 1.833479110755442525e+04 1.872663162575926981e+04 1.905670516462132218e+04 1.934730651701110764e+04 1.960986977937872871e+04 1.985118731099655270e+04 2.007568469853149145e+04 2.028643595222101430e+04 2.048567924211974605e+04 2.067510419292384177e+04 2.085602347469839151e+04 2.102948098727219622e+04 2.119632310823371517e+04 2.135724738000144134e+04 2.151283675593740190e+04 2.166358433496506768e+04 2.180991164241285878e+04 2.195218237793605658e+04 2.209071294200848206e+04 2.222578063228874817e+04 2.235763008829971659e+04 2.248647843553053099e+04 2.261251942727548885e+04 2.273592683523028973e+04 2.285685720526098157e+04 2.297545216570151388e+04 2.309184034456856898e+04 2.320613898118617362e+04 2.331845528497078340e+04 2.342888760322247981e+04 2.353752641065520584e+04 2.364445516432178556e+04 2.374975104394261143e+04 2.385348559400890372e+04 2.395572528403144679e+04 2.405653199602974928e+04 2.415596345563253271e+04 2.425407361770348507e+04 2.435091299557834282e+04 2.444652897029308951e+04 2.454096604160449351e+04 2.463426608446761384e+04 2.472646854730564519e+04 2.481761064846077352e+04 2.490772755263614818e+04 2.499685252187200240e+04 2.508501705742682680e+04 2.517225102892561699e+04 2.525858278895620606e+04 2.534403927857064991e+04 2.542864612551065511e+04 2.551242773151907022e+04 2.559540734873744077e+04 2.567760716156053240e+04 2.575904835030096001e+04 2.583975115121583804e+04 2.591973491835242021e+04 2.599901817447980284e+04 2.607761866202062811e+04 2.615555338306885096e+04
1.676227635070981341e+04 1.799824784720849129e+04 1.850921692821438774e+04 1.890090655033427174e+04 1.923085309463212616e+04 1.952134272833072464e+04 1.978380512045996147e+04 2.002503000367150526e+04 2.024944124932526029e+04 2.046011168167760479e+04 2.065927860130622867e+04 2.084863098170908052e+04 2.102948098727219622e+04 2.120287210491378210e+04 2.136965039389915182e+04 2.153051312379838782e+04 2.168604301878085244e+04 2.183673299223309732e+04 2.198300440395550686e+04 2.212522081172218896e+04 2.226369849595366395e+04 2.239871464698816999e+04 2.253051380794213037e+04 2.265931302063117619e+04 2.278530596559002879e+04 2.290866634357380099e+04 2.302955064042189042e+04 2.314810043353654328e+04 2.326444430000273860e+04 2.337869943003178923e+04 2.349097299484137329e+04 2.360136330171380541e+04 2.370996079080222989e+04 2.381684889005564037e+04 2.392210474463363062e+04 2.402579987538055866e+04 2.412800072452236782e+04 2.422876914679372567e+04 2.432816285145244910e+04 2.442623576789637445e+04 2.452303839309033356e+04 2.461861808624243713e+04 2.471301933437652769e+04 2.480628399243878084e+04 2.489845149430047604e+04 2.498955904557087342e+04 2.507964179458221770e+04 2.516873299427979509e+04 2.525686413137018098e+04 2.534406506274544518e+04 2.543036413189847372e+04 2.551578827078637551e+04 2.560036309441793128e+04 2.568411299544104259e+04 2.576706121872129734e+04 2.584922993955851416e+04 2.593064032917036093e+04 2.601131261653799447e+04 2.609126614843271091e+04 2.617051943852865952e+04 2.624909022379151429e+04 2.632699550085826195e+04
1.693069824941639672e+04 1.816621042016785941e+04 1.867699002796152490e+04 1.906853457294355030e+04 1.939835901939668111e+04 1.968874123995201080e+04 1.995110665084220818e+04 2.019224245632367092e+04 2.041657088338988251e+04 2.062716361033389694e+04 2.082625710463625728e+04 2.101553971224356792e+04 2.119632310823371517e+04 2.136965039389915182e+04 2.153636731018204591e+04 2.169717087017497397e+04 2.185264357794958050e+04 2.200327816681246622e+04 2.214949583649294800e+04 2.229166001197890728e+04 2.243008685727554257e+04 2.256505345358172781e+04 2.269680425852138433e+04 2.282555623023663065e+04 2.295150298014059081e+04 2.307481813986678026e+04 2.319565814250390395e+04 2.331416450906553655e+04 2.343046576934293262e+04 2.354467906989165931e+04 2.365691154191162786e+04 2.376726145812435425e+04 2.387581922412218410e+04 2.398266823329331237e+04 2.408788560896946001e+04 2.419154283925317577e+04 2.429370634090455133e+04 2.439443795228734962e+04 2.449379535537454649e+04 2.459183246319307364e+04 2.468859975087989005e+04 2.478414456309119123e+04 2.487851136684193625e+04 2.497174200434537488e+04 2.506387589310188196e+04 2.515495022416880238e+04 2.524500013860242325e+04 2.533405886752015795e+04 2.542215789399060304e+04 2.550932706035391311e+04 2.559559469918903778e+04 2.568098773153914954e+04 2.576553176695606089e+04 2.584925118535474758e+04 2.593216922432483989e+04 2.601430805189019884e+04 2.609568882835455588e+04 2.617633177724209963e+04 2.625625623804816860e+04 2.633548071898994385e+04 2.641402294793815236e+04 2.649189991607281263e+04
1.709314562649533036e+04 1.832821495154357399e+04 1.883881188368840958e+04 1.923021655566125992e+04 1.955992328439615085e+04 1.985020194624675787e+04 2.011247385380565538e+04 2.035352377752141911e+04 2.057777235459079384e+04 2.078829016281824443e+04 2.098731286569099757e+04 2.117652820525117568e+04 2.135724738000144134e+04 2.153051312379838782e+04 2.169717087017497397e+04 2.185791737938424922e+04 2.201333495359003427e+04 2.216391614238100010e+04 2.231008199996731128e+04 2.245219581673163339e+04 2.259057364208283252e+04 2.272549246445132303e+04 2.285719664687357727e+04 2.298590307291314821e+04 2.311180528304257314e+04 2.323507684886871721e+04 2.335587414345363504e+04 2.347433864051717683e+04 2.359059882255687262e+04 2.370477179429153330e+04 2.381696464872229262e+04 2.392727562219087849e+04 2.403579508754782728e+04 2.414260641089649289e+04 2.424778668464577640e+04 2.435140737325136433e+04 2.445353486982648610e+04 2.455423098908804241e+04 2.465355339481911506e+04 2.475155597639977350e+04 2.484828919623405091e+04 2.494380037533128052e+04 2.503813397161147441e+04 2.513133180727899889e+04 2.522343328892029240e+04 2.531447559304078459e+04 2.540449384614484734e+04 2.549352127207393642e+04 2.558158933752574376e+04 2.566872787756446633e+04 2.575496521385511733e+04 2.584032825652693282e+04 2.592484260785576771e+04 2.600853263684266130e+04 2.609142157380128629e+04 2.617353157766055665e+04 2.625488380508622504e+04 2.633549846868854365e+04 2.641539490068689338e+04 2.649459160384148709e+04 2.657310630056608352e+04 2.665095597476474359e+04
1.725020701960611041e+04 1.848484835281860433e+04 1.899526873567092116e+04 1.938653822580826818e+04 1.971613118585091433e+04 2.000630976144757005e+04 2.026849130343188881e+04 2.050945822666116874e+04 2.073362963128610863e+04 2.094407503464035108e+04 2.114302931986466865e+04 2.133217964510558522e+04 2.151283675593740190e+04 2.168604301878085244e+04 2.185264357794958050e+04 2.201333495359003427e+04 2.216869924050124246e+04 2.231922882274384028e+04 2.246534460355187184e+04 2.260740974961672327e+04 2.274574020120789646e+04 2.288061285034936736e+04 2.301227197276611696e+04 2.314093438108111150e+04 2.326679354482630151e+04 2.339002297740089125e+04 2.351077899911624263e+04 2.362920303094151313e+04 2.374542351171848713e+04 2.385955750796719803e+04 2.397171207267101272e+04 2.408198540942984982e+04 2.419046785835243645e+04 2.429724275825728546e+04 2.440238717608744628e+04 2.450597254719477496e+04 2.460806524650260690e+04 2.470872706508098054e+04 2.480801564306611544e+04 2.490598485892414465e+04 2.500268514959324966e+04 2.509816382698781672e+04 2.519246532901897444e+04 2.528563146333917393e+04 2.537770162380192778e+04 2.546871297417973983e+04 2.555870063006304554e+04 2.564769780074138544e+04 2.573573594381750445e+04 2.582284488344166311e+04 2.590905293218392762e+04 2.599438699289757642e+04 2.607887265330654918e+04 2.616253427877390641e+04 2.624539509051837376e+04 2.632747723837391823e+04 2.640880187173033482e+04 2.648938919774090755e+04 2.656925854134905967e+04 2.664842839985803585e+04 2.672691648658664781e+04 2.680473978180097765e+04
1.740238025340667809e+04 1.863660707713288139e+04 1.914685647134328610e+04 1.953799503789932351e+04 1.986747781265884987e+04 2.015755945431019063e+04 2.041965347561935778e+04 2.066054001043093740e+04 2.088463667641926440e+04 2.109501195227503194e+04 2.129389997717234655e+04 2.148298733445708058e+04 2.166358433496506768e+04 2.183673299223309732e+04 2.200327816681246622e+04 2.216391614238100010e+04 2.231922882274384028e+04 2.246970842097661807e+04 2.261577570207018289e+04 2.275779371084363083e+04 2.289607828206507838e+04 2.303090620953307371e+04 2.316252169439403224e+04 2.329114146923538647e+04 2.341695894356243662e+04 2.354014756892874721e+04 2.366086361653296626e+04 2.377924845641254797e+04 2.389543048739150981e+04 2.400952673415312893e+04 2.412164421330098412e+04 2.423188109933116357e+04 2.434032769961058511e+04 2.444706732385393116e+04 2.455217701171941007e+04 2.465572818036898389e+04 2.475778717744114692e+04 2.485841577399705420e+04 2.495767159198303125e+04 2.505560848985632765e+04 2.515227689182219910e+04 2.524772408796715899e+04 2.534199450528839952e+04 2.543512993688645656e+04 2.552716976206292748e+04 2.561815113549536909e+04 2.570810915458432282e+04 2.579707702316236100e+04 2.588508618609930272e+04 2.597216646026945091e+04 2.605834614369095652e+04 2.614365213194114040e+04 2.622811000546798459e+04 2.631174412053960259e+04 2.639457769291775185e+04 2.647663286152246292e+04 2.655793077028656262e+04 2.663849161908737733e+04 2.671833472741136211e+04 2.679747858528580400e+04 2.687594090057254652e+04 2.695373864808070357e+04
1.755009088774395059e+04 1.878391550926616765e+04 1.929399899345307495e+04 1.968501052178916871e+04 2.001438638180852286e+04 2.030437396897477447e+04 2.056638306894464768e+04 2.080719160367161385e+04 2.103121574655242148e+04 2.124152297947157058e+04 2.144034670855043805e+04 2.162937296961908578e+04 2.180991164241285878e+04 2.198300440395550686e+04 2.214949583649294800e+04 2.231008199996731128e+04 2.246534460355187184e+04 2.261577570207018289e+04 2.276179592408888857e+04 2.290376819619277376e+04 2.304200824582958012e+04 2.317679278130535386e+04 2.330836592191198724e+04 2.343694432929632603e+04 2.356272135111803073e+04 2.368587038254199433e+04 2.380654764201617218e+04 2.392489445410328335e+04 2.404103917579058907e+04 2.415509879174359958e+04 2.426718028946206323e+04 2.437738180524329073e+04 2.448579361916935886e+04 2.459249901548909838e+04 2.469757500657587661e+04 2.480109298594479333e+04 2.490311928122545942e+04 2.500371564165115706e+04 2.510293967097831774e+04 2.520084521129328641e+04 2.529748266861142474e+04 2.539289932028632029e+04 2.548713957512527122e+04 2.558024521531487699e+04 2.567225560742380912e+04 2.576320789157770923e+04 2.585313715426318231e+04 2.594207659203684307e+04 2.603005763521659537e+04 2.611711008976280573e+04 2.620326225187463569e+04 2.628854100075850147e+04 2.637297191322440631e+04 2.645657933644551667e+04 2.653938647526965360e+04 2.662141546679785824e+04 2.670268744404902100e+04 2.678322260144350003e+04 2.686304025301078218e+04 2.694215888150219689e+04 2.702059619114160887e+04 2.709836914764318499e+04
1.769370610381892766e+04 1.892713981906135450e+04 1.943706205165662686e+04 1.982795011062998674e+04 2.015722205906067393e+04 2.044711822927647154e+04 2.070904479260215885e+04 2.094977751730775344e+04 2.117373117434917367e+04 2.138397227427057805e+04 2.158273351378747611e+04 2.177170039212805568e+04 2.195218237793605658e+04 2.212522081172218896e+04 2.229166001197890728e+04 2.245219581673163339e+04 2.260740974961672327e+04 2.275779371084363083e+04 2.290376819619277376e+04 2.304569601219563629e+04 2.318389279171251110e+04 2.331863515391896362e+04 2.345016713807135238e+04 2.357870534033290460e+04 2.370444304469865165e+04 2.382755359358279384e+04 2.394819315268259379e+04 2.406650300472401432e+04 2.418261146485756035e+04 2.429663548136895406e+04 2.440868200537815574e+04 2.451884914407864562e+04 2.462722715026765945e+04 2.473389927727120812e+04 2.483894251745377551e+04 2.494242823886460974e+04 2.504442274912443827e+04 2.514498777927664923e+04 2.524418091488778009e+04 2.534205597803529236e+04 2.543866336018263246e+04 2.553405032231248333e+04 2.562826126231820672e+04 2.572133794783448684e+04 2.581331973087808001e+04 2.590424374066069140e+04 2.599414505821195780e+04 2.608305686007961049e+04 2.617101057294357452e+04 2.625803599185027997e+04 2.634416140208495199e+04 2.642941367739703855e+04 2.651381838550159591e+04 2.659739986447684350e+04 2.668018131371363415e+04 2.676218486121806200e+04 2.684343163455204922e+04 2.692394182267898577e+04 2.700373473235240090e+04 2.708282883904766641e+04 2.716124184335066820e+04 2.723899070733759436e+04
1.783354533799874480e+04 1.906659856067571673e+04 1.957636383631333592e+04 1.996713171465680352e+04 2.029630251818170655e+04 2.058610970889285090e+04 2.084795593473254121e+04 2.108861486485702335e+04 2.131249991689409944e+04 2.152267664459950174e+04 2.172137705711074523e+04 2.191028613706302713e+04 2.209071294200848206e+04 2.226369849595366395e+04 2.243008685727554257e+04 2.259057364208283252e+04 2.274574020120789646e+04 2.289607828206507838e+04 2.304200824582958012e+04 2.318389279171251110e+04 2.332204745434873621e+04 2.345674876378334011e+04 2.358824069015108398e+04 2.371673975685561891e+04 2.384243919150330476e+04 2.396551228193865973e+04 2.408611514474623255e+04 2.420438902263421915e+04 2.432046218527838937e+04 2.443445155004164553e+04 2.454646403166415985e+04 2.465659771005457151e+04 2.476494280526830698e+04 2.487158255062249373e+04 2.497659391119677457e+04 2.508004823503151420e+04 2.518201180791956722e+04 2.528254634089543833e+04 2.538170940315476037e+04 2.547955480040409020e+04 2.557613290773596964e+04 2.567149097340015578e+04 2.576567337891910574e+04 2.585872187919457792e+04 2.595067581714838161e+04 2.604157230744030676e+04 2.613144642018605373e+04 2.622033132283840678e+04 2.630825843298234395e+04 2.639525753656934830e+04 2.648135690797070856e+04 2.656658341547890450e+04 2.665096261589505593e+04 2.673451884184041410e+04 2.681727528361088480e+04 2.689925406557458336e+04 2.698047630801747437e+04 2.706096219080800074e+04 2.714073101706171292e+04 2.721980125679701450e+04 2.729819060150484438e+04 2.737591601326139062e+04
1.796988854184755473e+04 1.920257091078392114e+04 1.971218320759371272e+04 2.010283395029554958e+04 2.043190617187073804e+04 2.072162663862408954e+04 2.098339455878894660e+04 2.122398156789140194e+04 2.144779975024002488e+04 2.165791373554393067e+04 2.185655486537152319e+04 2.204540760940298787e+04 2.222578063228874817e+04 2.239871464698816999e+04 2.256505345358172781e+04 2.272549246445132303e+04 2.288061285034936736e+04 2.303090620953307371e+04 2.317679278130535386e+04 2.331863515391896362e+04 2.345674876378334011e+04 2.359141006454601302e+04 2.372286294448722037e+04 2.385132386880295235e+04 2.397698600325392908e+04 2.410002258293397608e+04 2.422058968077189638e+04 2.433882849218216143e+04 2.445486725409873179e+04 2.456882284386674291e+04 2.468080214712253655e+04 2.479090320921395323e+04 2.489921623200652539e+04 2.500582441425658180e+04 2.511080470285387128e+04 2.521422842401088565e+04 2.531616184169260669e+04 2.541666665238162386e+04 2.551580040344569716e+04 2.561361688603946823e+04 2.571016646070356364e+04 2.580549635931683588e+04 2.589965095430679503e+04 2.599267198420429486e+04 2.608459877919821884e+04 2.617546844849138870e+04 2.626531604400961078e+04 2.635417473138667992e+04 2.644207591183666955e+04 2.652904936585409450e+04 2.661512335871529649e+04 2.670032474961780827e+04 2.678467908808679204e+04 2.686821070128653082e+04 2.695094277041798341e+04 2.703289741439229692e+04 2.711409574440048891e+04 2.719455793849201291e+04 2.727430329068747233e+04 2.735335026554830256e+04 2.743171655274645309e+04 2.750941910526316497e+04
1.810298269410859211e+04 1.933530317328413366e+04 1.984476618563357624e+04 2.023530262304129428e+04 2.056427864372389740e+04 2.085391448017625953e+04 2.111560598823425244e+04 2.135612281344956136e+04 2.157987574137232150e+04 2.178992850131189334e+04 2.198851177818150609e+04 2.217730954689622740e+04 2.235763008829971659e+04 2.253051380794213037e+04 2.269680425852138433e+04 2.285719664687357727e+04 2.301227197276611696e+04 2.316252169439403224e+04 2.330836592191198724e+04 2.345016713807135238e+04 2.358824069015108398e+04 2.372286294448722037e+04 2.385427772387638106e+04 2.398270142621194827e+04 2.410832716086597065e+04 2.423132811200057040e+04 2.435186030888880487e+04 2.447006490147041040e+04 2.458607009211854893e+04 2.469999272361755720e+04 2.481193964886196773e+04 2.492200888409579056e+04 2.503029060571870650e+04 2.513686798884018208e+04 2.524181795670310385e+04 2.534521181369209080e+04 2.544711580558223068e+04 2.554759160884722951e+04 2.564669675812192145e+04 2.574448502455206471e+04 2.584100675412637065e+04 2.593630916780975531e+04 2.603043662165882415e+04 2.612343084510948393e+04 2.621533115561769227e+04 2.630617464783435571e+04 2.639599637004730175e+04 2.648482947333841003e+04 2.657270535164579633e+04 2.665965377455003909e+04 2.674570300187051180e+04 2.683087988189081079e+04 2.691520996049811947e+04 2.699871755394278443e+04 2.708142583978778566e+04 2.716335692603033385e+04 2.724453192386144656e+04 2.732497100041664089e+04 2.740469344425955205e+04 2.748371771813262603e+04 2.756206150443185470e+04 2.763974175068151089e+04
1.823304700301386765e+04 1.946501394522792543e+04 1.997433112010193872e+04 2.036475588975017308e+04 2.069363793052625260e+04 2.098319109209123417e+04 2.124480795246208436e+04 2.148525621450980543e+04 2.170894539231093950e+04 2.191893834205993335e+04 2.211746509929079912e+04 2.230620916234338074e+04 2.248647843553053099e+04 2.265931302063117619e+04 2.282555623023663065e+04 2.298590307291314821e+04 2.314093438108111150e+04 2.329114146923538647e+04 2.343694432929632603e+04 2.357870534033290460e+04 2.371673975685561891e+04 2.385132386880295235e+04 2.398270142621194827e+04 2.411108876513034920e+04 2.423667894036052166e+04 2.435964508695187396e+04 2.448014318506474956e+04 2.459831435189707554e+04 2.471428674434727873e+04 2.482817717791485484e+04 2.494009247275252710e+04 2.505013061781946453e+04 2.515838175859252806e+04 2.526492905381027958e+04 2.536984939943076461e+04 2.547321408164870809e+04 2.557508932804930373e+04 2.567553679509737412e+04 2.577461399923785939e+04 2.587237470070258132e+04 2.596886923092833604e+04 2.606414479269014555e+04 2.615824573294966831e+04 2.625121376659089583e+04 2.634308820197483874e+04 2.643390612465745653e+04 2.652370257019365090e+04 2.661251067875136505e+04 2.670036183699275716e+04 2.678728580722244806e+04 2.687331084016486420e+04 2.695846377682764432e+04 2.704277015400302480e+04 2.712625428248438402e+04 2.720893933255874435e+04 2.729084740858533769e+04 2.737199960902225575e+04 2.745241610100501566e+04 2.753211616764028440e+04 2.761111826439455035e+04 2.768944006820683717e+04 2.776709852114444948e+04
1.836027707904585986e+04 1.959189830049590091e+04 2.010107286114370800e+04 2.049138843322006869e+04 2.082017857319451286e+04 2.110965088431848562e+04 2.137119474864457152e+04 2.161157596092388849e+04 2.183520280013917363e+04 2.204513725846490706e+04 2.224360874934072490e+04 2.243230029453124735e+04 2.261251942727548885e+04 2.278530596559002879e+04 2.295150298014059081e+04 2.311180528304257314e+04 2.326679354482630151e+04 2.341695894356243662e+04 2.356272135111803073e+04 2.370444304469865165e+04 2.384243919150330476e+04 2.397698600325392908e+04 2.410832716086597065e+04 2.423667894036052166e+04 2.436223434197026654e+04 2.448516645163189969e+04 2.460563120766900829e+04 2.472376968362377374e+04 2.483971000547180302e+04 2.495356895233280375e+04 2.506545331525566871e+04 2.517546105409573647e+04 2.528368229432098451e+04 2.539020016556614428e+04 2.549509154378037783e+04 2.559842769696851610e+04 2.570027483088787994e+04 2.580069458563238732e+04 2.589974446673304192e+04 2.599747821077480330e+04 2.609394614009952056e+04 2.618919544474928989e+04 2.628327045713385451e+04 2.637621288122326951e+04 2.646806201446460909e+04 2.655885493149989634e+04 2.664862665697009652e+04 2.673741032376719522e+04 2.682523730945840362e+04 2.691213736907238490e+04 2.699813874060063972e+04 2.708326826323181740e+04 2.716755146284421789e+04 2.725101264477425138e+04 2.733367497203298262e+04 2.741556054352267529e+04 2.749669045406344230e+04 2.757708486169585376e+04 2.765676304406960844e+04 2.773574345301321591e+04 2.781404375818974222e+04 2.789168090166649199e+04
